98
67
3843734
8347821
823
214
2
4
65
12192828
24385656
48771312
97542624
195085248
390170496
780340992
1560681984
3121363968
6242727936
12485455872
24970911744
49941823488
99883646976
199767293952
399534587904
799069175808
1598138351616
3196276703232
6392553406464
12785106812928
25570213625856
51140427251712
102280854503424
204561709006848
409123418013696
818246836027392
1636493672054784
3272987344109568
6545974688219136
13091949376438272
26183898752876544
52367797505753088
104735595011506176
209471190023012352
418942380046024704
837884760092049408
1675769520184098816
3351539040368197632
6703078080736395264
13406156161472790528